1.145954931023952447e-02 2.458054601843142825e-02 9.639599046713290820e-01
1.512591576121525422e-02 9.615319667765593881e-01 2.334211746222525016e-02
9.730377051529442989e-01 1.969051181589441188e-02 7.271783031161375976e-03
9.991686244540368481e-03 2.133907964465243945e-02 9.686692341108071869e-01
9.846020538572985981e-01 7.515242361171311711e-03 7.882703781530183904e-03
8.017044317079726271e-03 1.234199782511570358e-02 9.796409578578045840e-01
9.830235238753266547e-01 9.106410021695111531e-03 7.870066102978323999e-03
1.002492036365933842e-02 9.450152439801796644e-01 4.495983565616097632e-02
1.305497303058099877e-02 9.227014195226075355e-01 6.424360744681155422e-02
1.426573361239302611e-02 9.637195708860540888e-01 2.201469550155287641e-02
5.436175169664032858e-02 4.623192199963988558e-01 4.833190283069607185e-01
1.011078093834043290e-02 9.531090291662113190e-01 3.678018989544819956e-02
1.426214317894214378e-02 9.586728820429970543e-01 2.706497477806074289e-02
1.018841645177159631e-02 9.298902533655423186e-01 5.992133018268616662e-02
1.495184033304862610e-02 9.557110094728155092e-01 2.933715019413574848e-02
9.851186040431949564e-01 6.994556685116459956e-03 7.886839271688633052e-03
1.428633686322440012e-02 9.183615824242112868e-01 6.735208071256428008e-02
1.166311180674353340e-02 9.732074468358532515e-01 1.512944135740310753e-02
9.798267915721059484e-01 1.092409537804930365e-02 9.249113049844629939e-03
9.819651343057771431e-01 1.070343078518674537e-02 7.331434909036200001e-03
1.645678351942029410e-02 1.841941996591257846e-01 7.993490168214539837e-01
1.083192102974078752e-02 9.500577478743347237e-01 3.911033109592468304e-02
9.822590085478151156e-01 9.877046043186057597e-03 7.863945408998859743e-03
9.817148513540163712e-01 9.018213182506258987e-03 9.266935463477283044e-03
2.058612488541149144e-02 2.224313031812895081e-01 7.569825719332989866e-01
9.851186040431949564e-01 6.994556685116459956e-03 7.886839271688633052e-03
9.789101806440494435e-01 1.378119298984391110e-02 7.308626366106707808e-03
1.377888124708448285e-02 9.665254425825950957e-01 1.969567617032050647e-02
2.304131030263305985e-02 9.446163806801542995e-01 3.234230901721259210e-02
9.793397782335291346e-01 1.282719633581176459e-02 7.833025430659246516e-03
